version https://git-lfs.github.com/spec/v1
oid sha256:bded36cdeaac7f37a9c4bf21650c8af8b125540386e451c2d642f7d670e00d76
size 38843
