date,open,high,low,close,volume
2023-11-09,34.48,34.48,34.48,34.48,600
2023-11-10,34.48,34.48,34.48,34.48,0
2023-11-13,39.65,39.65,39.65,39.65,100
2023-11-14,39.65,39.65,39.65,39.65,0
2023-11-15,39.65,39.65,39.65,39.65,0
2023-11-16,39.65,39.65,39.65,39.65,0
2023-11-17,34.48,34.48,34.48,34.48,1000
2023-11-20,34.48,34.48,34.48,34.48,0
2023-11-21,34.48,34.48,34.48,34.48,0
2023-11-22,34.48,34.48,34.48,34.48,0
2023-11-23,34.48,34.48,34.48,34.48,0
2023-11-24,34.48,34.48,34.48,34.48,0
2023-11-27,34.48,34.48,34.48,34.48,0
2023-11-28,34.48,34.48,34.48,34.48,0
2023-11-29,34.48,34.48,34.48,34.48,0
2023-11-30,34.48,34.48,34.48,34.48,100
2023-12-01,34.48,34.48,33.52,33.52,1600
2023-12-04,28.83,36.3,28.83,36.3,300
2023-12-05,33.81,33.81,33.81,33.81,0
2023-12-06,33.81,33.81,33.81,33.81,0
2023-12-07,33.81,33.81,33.81,33.81,0
2023-12-08,33.81,33.81,33.81,33.81,0
2023-12-11,33.81,33.81,33.81,33.81,0
2023-12-12,33.52,33.52,33.52,33.52,100
2023-12-13,33.52,33.52,33.52,33.52,0
2023-12-14,33.52,33.52,33.52,33.52,0
2023-12-15,33.52,33.52,33.52,33.52,0
2023-12-18,33.52,33.52,33.52,33.52,0
2023-12-19,33.52,33.52,33.52,33.52,0
2023-12-20,33.52,33.52,33.52,33.52,300
2023-12-21,33.52,33.52,33.52,33.52,1600
2023-12-22,33.52,33.52,33.52,33.52,0
2023-12-25,33.52,33.52,33.52,33.52,0
2023-12-26,33.52,33.52,33.52,33.52,2600
2023-12-27,36.1,36.1,33.52,33.52,3600
2023-12-28,33.52,34.38,33.52,34.38,7578
2023-12-29,34.48,34.48,34.38,34.48,2500
2024-01-02,34.48,34.48,34.48,34.48,0
2024-01-03,34.48,36.01,34.48,36.01,14800
2024-01-04,34.57,34.57,34.57,34.57,0
2024-01-05,34.57,34.57,34.57,34.57,0
2024-01-08,35.43,35.53,35.43,35.43,1177
2024-01-09,35.63,36.39,35.63,36.39,500
2024-01-10,36.2,36.2,36.2,36.2,300
2024-01-11,36.2,36.2,36.2,36.2,0
2024-01-12,36.2,36.2,36.2,36.2,0
2024-01-15,36.2,36.2,36.2,36.2,0
2024-01-16,36.2,36.2,36.2,36.2,0
2024-01-17,36.2,36.2,36.2,36.2,0
2024-01-18,36.2,36.2,36.2,36.2,0
2024-01-19,36.39,36.39,36.39,36.39,100
2024-01-22,36.39,36.39,36.39,36.39,42000
2024-01-23,36.39,36.39,36.39,36.39,24500
2024-01-24,36.39,36.39,36.39,36.39,505
2024-01-25,36.39,36.39,36.39,36.39,0
2024-01-26,36.39,36.39,36.39,36.39,0
2024-01-29,36.39,36.39,36.39,36.39,0
2024-01-30,36.39,36.39,36.39,36.39,25305
2024-01-31,36.39,36.39,36.39,36.39,100
2024-02-01,36.39,36.39,36.39,36.39,18
2024-02-02,36.39,36.39,36.39,36.39,0
2024-02-05,36.39,36.39,36.39,36.39,0
2024-02-06,36.39,36.39,36.39,36.39,0
2024-02-07,36.39,36.39,36.39,36.39,0
2024-02-15,36.39,36.39,36.39,36.39,0
2024-02-16,36.39,36.39,36.39,36.39,0
2024-02-19,36.39,36.39,36.39,36.39,0
2024-02-20,36.39,36.39,36.39,36.39,0
2024-02-21,36.39,36.39,36.39,36.39,0
2024-02-22,36.39,36.39,36.39,36.39,0
2024-02-23,36.39,36.39,36.39,36.39,18
2024-02-26,36.39,36.39,36.39,36.39,0
2024-02-27,36.39,36.39,36.39,36.39,0
2024-02-28,36.39,36.39,36.39,36.39,0
2024-02-29,36.39,36.39,36.39,36.39,10
2024-03-01,36.39,36.39,36.39,36.39,0
2024-03-04,37.35,37.35,37.35,37.35,410
2024-03-05,37.35,37.35,37.35,37.35,3960
2024-03-06,37.35,37.35,37.35,37.35,2200
2024-03-07,37.35,37.35,37.35,37.35,42
2024-03-08,37.35,37.35,37.35,37.35,0
2024-03-11,37.35,37.35,37.35,37.35,0
2024-03-12,36.39,36.39,36.39,36.39,235
2024-03-13,36.39,37.64,36.39,37.64,1905
2024-03-14,37.54,37.54,37.54,37.54,0
2024-03-15,37.54,37.54,37.54,37.54,0
2024-03-18,37.54,37.54,37.54,37.54,0
2024-03-19,37.54,37.54,37.54,37.54,0
2024-03-20,37.92,37.92,37.92,37.92,2705
2024-03-21,37.92,37.92,37.92,37.92,0
2024-03-22,37.35,42.14,36.39,42.14,16400
2024-03-25,42.23,42.23,42.23,42.23,100
2024-03-26,42.23,43.67,42.23,43.67,200
2024-03-27,46.45,46.45,46.45,46.45,100
2024-03-28,46.45,46.45,46.45,46.45,0
2024-03-29,52.67,52.67,52.67,52.67,100
2024-04-01,55.55,55.55,55.55,55.55,100
2024-04-02,55.55,55.55,55.55,55.55,0
2024-04-03,55.55,55.55,55.55,55.55,0
2024-04-04,55.55,55.55,55.55,55.55,0
2024-04-05,55.55,55.55,55.55,55.55,0
2024-04-08,55.55,55.55,55.55,55.55,0
2024-04-09,55.55,55.55,55.55,55.55,0
2024-04-10,47.88,47.88,47.88,47.88,900
2024-04-11,47.88,47.88,47.88,47.88,0
2024-04-12,47.88,47.88,47.88,47.88,0
2024-04-15,47.88,47.88,47.88,47.88,0
2024-04-16,47.88,47.88,47.88,47.88,0
2024-04-17,47.88,47.88,47.88,47.88,0
2024-04-19,47.88,47.88,47.88,47.88,0
2024-04-22,45.97,45.97,45.97,45.97,200
2024-04-23,45.97,45.97,45.97,45.97,0
2024-04-24,45.97,45.97,45.97,45.97,0
2024-04-25,45.97,45.97,45.97,45.97,800
2024-04-26,45.49,45.49,45.01,45.01,200
2024-05-02,44.53,44.53,44.53,44.53,100
2024-05-03,44.05,44.05,44.05,44.05,600
2024-05-06,45.01,46.93,45.01,46.93,200
2024-05-07,46.93,46.93,46.93,46.93,100
2024-05-08,48.84,48.84,47.02,47.02,600
2024-05-09,47.6,47.6,47.6,47.6,0
2024-05-10,47.6,47.6,47.6,47.6,0
2024-05-13,47.6,47.6,47.6,47.6,0
2024-05-14,44.93,44.93,44.93,44.93,100
2024-05-15,44.93,44.93,44.93,44.93,0
2024-05-16,49.38,49.38,49.38,49.38,800
2024-05-17,49.38,51.35,49.38,51.35,1200
2024-05-20,51.35,51.35,51.35,51.35,1300
2024-05-21,51.35,51.35,51.35,51.35,0
2024-05-22,51.35,51.35,51.35,51.35,4200
2024-05-23,51.35,51.35,51.35,51.35,200
2024-05-24,51.35,51.35,51.35,51.35,200
2024-05-27,51.35,51.35,51.35,51.35,0
2024-05-28,51.35,51.35,51.35,51.35,100
2024-05-29,51.35,51.35,51.35,51.35,0
2024-05-30,51.35,51.35,51.35,51.35,0
2024-05-31,51.35,51.35,51.35,51.35,0
2024-06-03,51.35,51.35,51.35,51.35,0
2024-06-04,51.35,51.35,51.35,51.35,0
2024-06-05,51.35,51.35,51.35,51.35,0
2024-06-06,51.35,51.35,51.35,51.35,0
2024-06-07,51.35,51.35,51.35,51.35,1200
2024-06-10,59.05,59.05,59.05,59.05,300
2024-06-11,59.05,59.05,59.05,59.05,0
2024-06-12,54.31,54.31,54.31,54.31,100
2024-06-13,62.21,62.21,60.24,62.21,2400
2024-06-14,71.1,71.1,62.31,62.31,1500
2024-06-17,69.92,69.92,69.92,69.92,10
2024-06-18,69.92,69.92,69.92,69.92,0
2024-06-19,60.24,61.22,60.24,60.83,300
2024-06-20,59.35,59.35,59.35,59.35,200
2024-06-21,59.25,59.35,59.25,59.35,500
2024-06-24,58.36,58.95,58.36,58.95,205
2024-06-25,58.66,58.66,58.66,58.66,0
2024-06-26,58.76,61.32,58.76,61.32,200
2024-06-27,60.04,60.04,60.04,60.04,0
2024-06-28,62.31,62.31,62.31,62.31,100
2024-07-01,62.41,62.41,62.41,62.41,200
2024-07-02,62.41,62.41,62.41,62.41,10
2024-07-03,62.41,62.41,62.41,62.41,200
2024-07-04,69.62,69.62,69.62,69.62,1903
2024-07-05,69.62,69.62,69.62,69.62,0
2024-07-08,70.11,79.99,69.72,79.99,2501
2024-07-09,78.01,78.01,78.01,78.01,0
2024-07-10,78.01,78.01,78.01,78.01,0
2024-07-11,78.01,78.01,78.01,78.01,0
2024-07-12,76.04,76.04,76.04,76.04,100
2024-07-15,76.04,76.04,76.04,76.04,0
2024-07-16,74.16,76.04,74.06,76.04,300
2024-07-17,74.75,74.75,70.31,74.75,500
2024-07-18,74.56,74.56,73.57,73.57,300
2024-07-19,74.06,74.06,74.06,74.06,100
2024-07-22,74.06,74.06,74.06,74.06,0
2024-07-23,71.59,71.59,71.59,71.59,901
2024-07-24,71.59,71.59,71.59,71.59,700
2024-07-25,69.22,69.22,69.22,69.22,2700
2024-07-26,69.22,69.22,69.22,69.22,1
2024-07-29,69.22,69.22,69.22,69.22,0
2024-07-30,69.22,69.22,69.22,69.22,0
2024-07-31,69.22,69.22,69.22,69.22,0
2024-08-01,69.22,69.22,69.22,69.22,0
2024-08-02,69.22,69.22,69.22,69.22,0
2024-08-05,69.22,69.22,69.22,69.22,0
2024-08-06,69.22,69.22,69.22,69.22,0
2024-08-07,69.22,69.22,69.22,69.22,0
2024-08-08,69.22,69.22,69.22,69.22,0
2024-08-09,69.22,69.22,69.22,69.22,200
2024-08-12,69.22,69.22,69.22,69.22,100
2024-08-13,69.22,69.22,69.22,69.22,0
2024-08-14,69.22,69.22,69.22,69.22,0
2024-08-15,69.22,69.22,69.22,69.22,0
2024-08-16,69.22,69.22,69.22,69.22,0
2024-08-19,69.22,69.22,69.22,69.22,0
2024-08-20,69.22,69.22,69.22,69.22,0
2024-08-21,69.12,69.12,69.12,69.12,400
2024-08-22,69.22,69.22,69.22,69.22,100
2024-08-23,69.22,69.22,69.22,69.22,0
2024-08-26,69.22,69.22,69.22,69.22,0
2024-08-27,69.22,69.22,69.22,69.22,0
2024-08-28,69.22,69.22,69.22,69.22,0
2024-08-29,69.22,69.22,69.22,69.22,0
2024-08-30,69.22,69.22,69.22,69.22,0
2024-09-04,69.12,69.12,69.12,69.12,200
2024-09-05,69.12,69.12,69.12,69.12,0
2024-09-06,69.12,69.12,69.12,69.12,0
2024-09-09,69.12,69.12,69.12,69.12,0
2024-09-10,69.12,69.12,69.12,69.12,1
2024-09-11,69.12,69.12,69.12,69.12,0
2024-09-12,69.12,69.12,69.12,69.12,0
2024-09-13,69.12,69.12,69.12,69.12,0
2024-09-16,69.12,69.12,69.12,69.12,1
2024-09-17,71.1,72.09,71.1,72.09,600
2024-09-18,71.59,71.59,71.59,71.59,0
2024-09-19,71.59,71.59,71.59,71.59,0
2024-09-20,71.59,71.59,71.59,71.59,0
2024-09-23,69.12,69.12,69.12,69.12,200
2024-09-24,69.12,69.12,69.12,69.12,0
2024-09-25,69.12,69.12,69.12,69.12,0
2024-09-26,69.12,69.12,69.12,69.12,0
2024-09-27,72.09,72.09,72.09,72.09,101
2024-09-30,72.09,72.09,72.09,72.09,0
2024-10-01,72.09,72.09,72.09,72.09,0
2024-10-02,73.08,73.08,73.08,73.08,100
2024-10-03,73.08,73.08,73.08,73.08,0
2024-10-04,73.08,73.08,73.08,73.08,0
2024-10-07,73.08,73.08,71.1,73.08,800
2024-10-08,72.09,72.09,72.09,72.09,0
2024-10-09,72.09,72.09,72.09,72.09,0
2024-10-10,70.11,72.09,70.11,72.09,1000
2024-10-11,71.5,71.5,71.5,71.5,0
2024-10-14,71.5,71.5,71.5,71.5,0
2024-10-15,74.06,74.06,72.88,72.88,600
2024-10-16,73.08,73.08,73.08,73.08,0
2024-10-17,73.08,73.08,73.08,73.08,0
2024-10-18,73.08,73.08,73.08,73.08,0
2024-10-21,73.08,73.57,73.08,73.57,1900
2024-10-22,73.17,73.17,73.17,73.17,0
2024-10-23,73.17,80.97,73.17,80.97,1300
2024-10-24,80.38,80.38,80.38,80.38,0
2024-10-25,80.38,80.38,80.38,80.38,0
2024-10-28,73.17,73.17,73.17,73.17,1000
2024-10-29,73.17,73.17,73.17,73.17,0
2024-10-30,71.99,71.99,71.99,71.99,400
2024-10-31,71.99,71.99,70.21,71.99,1400
2024-11-01,70.41,70.41,70.11,70.11,1801
2024-11-04,73.96,73.96,73.96,73.96,100
2024-11-05,73.17,73.17,73.17,73.17,1100
2024-11-06,73.17,73.17,73.17,73.17,0
2024-11-07,69.12,75.84,69.12,75.84,600
2024-11-08,75.05,75.05,75.05,75.05,100
2024-11-11,69.52,72.98,69.52,72.98,600
2024-11-12,73.08,73.17,69.72,72.98,1400
2024-11-13,73.47,73.57,73.08,73.27,2284
2024-11-14,73.17,73.17,73.17,73.17,0
2024-11-15,73.17,73.17,73.17,73.17,0
2024-11-18,73.17,73.17,73.17,73.17,0
2024-11-19,73.17,73.17,73.17,73.17,0
2024-11-20,67.15,72.09,67.15,71.1,974
2024-11-21,74.06,74.06,74.06,74.06,100
2024-11-22,74.06,74.06,74.06,74.06,0
2024-11-25,69.12,69.12,69.12,69.12,2001
2024-11-26,75.05,75.05,75.05,75.05,101
2024-11-27,75.05,75.05,75.05,75.05,0
2024-11-28,75.05,75.05,75.05,75.05,0
2024-11-29,75.05,75.05,75.05,75.05,0
2024-12-02,75.05,75.05,75.05,75.05,0
2024-12-03,75.05,75.05,75.05,75.05,0
2024-12-04,75.05,75.05,75.05,75.05,0
2024-12-05,75.05,75.05,75.05,75.05,0
2024-12-06,75.05,75.05,75.05,75.05,1
2024-12-09,75.05,75.05,75.05,75.05,0
2024-12-10,75.05,75.05,75.05,75.05,0
2024-12-11,75.05,75.05,75.05,75.05,0
2024-12-12,75.05,75.05,75.05,75.05,0
2024-12-13,75.05,75.05,75.05,75.05,0
2024-12-16,75.05,75.05,75.05,75.05,0
2024-12-17,75.05,75.05,75.05,75.05,100
2024-12-18,73.17,73.17,73.17,73.17,300
2024-12-19,73.17,73.17,73.17,73.17,0
2024-12-20,73.17,73.17,73.17,73.17,0
2024-12-23,73.17,73.17,73.17,73.17,0
2024-12-24,73.17,73.17,73.17,73.17,0
2024-12-25,73.17,73.17,73.17,73.17,0
2024-12-26,73.17,73.17,73.17,73.17,0
2024-12-27,73.17,73.17,73.17,73.17,200
2024-12-30,73.17,73.17,73.17,73.17,0
2024-12-31,73.08,73.08,73.08,73.08,510
2025-01-02,73.08,73.08,73.08,73.08,600
2025-01-03,67.64,71.59,67.64,71.59,300
2025-01-06,67.15,68.33,64.29,64.29,1200
2025-01-07,72.09,72.09,72.09,72.09,103
2025-01-08,72.09,72.09,72.09,72.09,200
2025-01-09,72.09,72.09,72.09,72.09,0
2025-01-10,72.09,72.09,72.09,72.09,400
2025-01-13,72.09,72.09,72.09,72.09,0
2025-01-14,72.09,72.09,72.09,72.09,200
2025-01-15,67.15,67.15,64.58,67.15,3460
2025-01-16,67.15,67.15,66.95,66.95,1200
2025-01-17,71.1,71.1,71.1,71.1,100
2025-01-20,67.25,67.25,62.21,67.15,1320
2025-01-21,66.16,66.16,66.16,66.16,100
2025-01-22,66.16,66.16,66.16,66.16,0
2025-01-23,67.15,67.15,67.15,67.15,100
2025-01-24,67.25,67.25,67.15,67.15,600
2025-02-03,68.33,69.12,67.64,69.12,900
2025-02-04,67.25,70.61,67.25,68.14,1704
2025-02-05,71.1,71.1,70.11,70.11,701
2025-02-06,71.0,71.0,71.0,71.0,1
2025-02-07,73.08,73.08,73.08,73.08,325
2025-02-10,73.17,79.0,73.08,79.0,5700
2025-02-11,79.0,84.53,74.36,83.94,2205
2025-02-12,83.84,83.94,79.99,79.99,2500
2025-02-13,78.21,78.21,78.01,78.01,300
2025-02-14,78.01,78.11,78.01,78.11,1304
2025-02-17,77.03,77.03,77.03,77.03,1100
2025-02-18,77.03,77.03,77.03,77.03,11
2025-02-19,77.03,77.03,77.03,77.03,10
2025-02-20,78.51,78.51,78.51,78.51,103
2025-02-21,79.0,79.0,79.0,79.0,100
2025-02-24,79.0,79.0,79.0,79.0,0
2025-02-25,79.0,79.0,79.0,79.0,6
2025-02-26,78.51,79.0,78.51,79.0,800
2025-02-27,78.9,78.9,78.9,78.9,0
2025-02-28,79.99,80.97,79.0,80.97,3319
2025-03-03,80.97,80.97,80.97,80.97,1101
2025-03-04,80.97,80.97,80.97,80.97,1
2025-03-05,79.49,79.49,79.0,79.0,2200
2025-03-06,79.0,79.0,79.0,79.0,0
2025-03-07,79.0,81.67,79.0,81.67,1314
2025-03-10,80.97,80.97,80.97,80.97,204
2025-03-11,81.96,81.96,81.96,81.96,1123
2025-03-12,82.46,82.46,82.46,82.46,100
2025-03-13,82.95,82.95,82.95,82.95,100
2025-03-14,81.96,82.46,81.96,81.96,1400
2025-03-17,82.06,82.06,82.06,82.06,0
2025-03-18,81.96,81.96,81.96,81.96,800
2025-03-19,83.94,84.04,83.94,84.04,300
2025-03-20,85.02,85.02,85.02,85.02,200
2025-03-21,85.42,85.52,85.42,85.52,303
2025-03-24,85.62,85.62,85.52,85.52,700
2025-03-25,85.52,85.52,85.52,85.52,1
2025-03-26,85.52,85.52,85.52,85.52,100
2025-03-27,84.92,85.91,84.92,85.91,600
2025-03-28,85.32,85.32,85.32,85.32,100
2025-03-31,81.96,98.06,81.96,98.06,2305
2025-04-01,111.88,111.88,111.88,111.88,119
2025-04-02,128.57,128.57,128.57,128.57,700
2025-04-03,147.83,147.83,147.83,147.83,2502
2025-04-04,169.95,169.95,153.06,164.81,2631
2025-04-08,167.88,167.88,148.12,148.12,621
2025-04-09,148.12,148.12,138.65,138.65,3111
2025-04-10,158.0,163.73,156.02,163.73,3100
2025-04-11,163.73,163.73,158.0,158.0,923
2025-04-14,162.84,162.94,158.0,158.0,3920
2025-04-15,158.99,158.99,158.99,158.99,200
2025-04-16,158.99,158.99,158.99,158.99,0
2025-04-17,156.02,157.01,156.02,157.01,1400
2025-04-18,156.52,156.52,154.05,154.05,1223
2025-04-21,154.05,154.05,151.09,151.09,908
2025-04-22,151.88,151.88,151.88,151.88,0
2025-04-23,151.88,151.88,151.88,151.88,1
2025-04-24,151.88,151.88,151.88,151.88,0
2025-04-25,152.07,152.07,152.07,152.07,301
2025-04-28,151.09,151.09,151.09,151.09,100
2025-04-29,151.09,151.09,151.09,151.09,1
2025-05-05,153.06,153.06,152.57,153.06,1301
2025-05-06,154.05,154.05,154.05,154.05,400
2025-05-07,154.05,154.05,154.05,154.05,20
2025-05-08,154.05,154.05,154.05,154.05,300
2025-05-09,154.05,154.05,154.05,154.05,1
2025-05-12,154.05,154.05,154.05,154.05,100
2025-05-13,154.05,154.05,154.05,154.05,1000
2025-05-14,154.05,154.05,154.05,154.05,200
2025-05-15,156.02,156.02,154.05,154.05,1500
2025-05-16,158.0,158.0,158.0,158.0,200
2025-05-19,158.0,158.0,158.0,158.0,1401
2025-05-20,158.0,158.0,158.0,158.0,2200
2025-05-21,158.0,158.0,157.0,157.0,200
2025-05-22,157.5,157.5,137.2,137.2,2000
2025-05-23,176.0,176.0,158.0,158.0,1100
2025-05-26,165.0,168.0,165.0,168.0,300
2025-05-27,170.0,170.0,167.0,167.0,2800
2025-05-28,158.1,167.3,158.1,167.3,9800
2025-05-29,167.2,168.0,164.0,164.0,8900
2025-05-30,160.0,160.0,146.1,160.0,1500
2025-06-02,141.0,159.0,141.0,159.0,1300
2025-06-03,158.2,158.2,140.0,140.0,2200
2025-06-04,166.9,166.9,166.9,166.9,100
2025-06-06,160.0,160.0,150.1,150.1,300
2025-06-09,180.2,180.2,180.2,180.2,100
2025-06-12,191.0,191.0,191.0,191.0,100
2025-06-13,162.4,188.0,162.4,188.0,500
2025-06-16,190.0,190.0,172.6,172.6,600
2025-06-17,190.0,190.0,190.0,190.0,100
2025-06-18,161.6,161.6,161.6,161.6,100
2025-06-19,142.0,142.0,142.0,142.0,100
2025-06-20,143.0,155.0,143.0,155.0,1500
2025-06-23,173.0,173.0,158.1,160.0,3300
2025-06-24,184.0,184.0,161.0,171.9,800
2025-06-25,176.0,179.0,163.0,172.9,1700
2025-06-26,183.0,183.0,166.0,168.0,1500
2025-06-27,166.5,166.5,166.5,166.5,100
2025-06-30,166.5,166.5,166.0,166.5,2200
2025-07-01,166.0,166.0,160.0,160.0,2500
2025-07-02,146.0,146.0,146.0,146.0,100
2025-07-03,147.0,167.9,147.0,167.9,2200
2025-07-04,156.1,165.3,156.1,165.3,200
2025-07-08,165.0,165.0,165.0,165.0,100
2025-07-09,160.0,165.0,160.0,164.0,700
2025-07-10,159.0,164.0,159.0,164.0,700
2025-07-11,159.5,168.0,159.5,168.0,300
2025-07-14,142.0,162.0,142.0,162.0,2100
2025-07-17,165.0,165.0,165.0,165.0,2300
2025-07-18,165.0,165.0,165.0,165.0,1100
2025-07-21,165.0,165.0,161.1,161.1,400
2025-07-22,161.5,161.7,161.2,161.7,700
2025-07-23,141.0,162.5,141.0,162.5,800
2025-07-24,159.2,159.2,153.6,154.0,900
2025-07-25,145.0,163.0,145.0,163.0,1000
2025-07-28,151.0,160.0,151.0,159.0,600
2025-07-29,141.0,174.0,141.0,147.0,300
2025-07-30,143.0,154.0,143.0,154.0,700
2025-07-31,145.1,167.9,145.1,147.1,1200
2025-08-01,150.0,176.8,150.0,176.8,200
2025-08-04,187.0,187.0,150.2,162.9,4100
2025-08-05,180.0,180.0,180.0,180.0,100
2025-08-06,165.9,165.9,153.5,162.9,1000
2025-08-07,186.0,186.0,160.0,160.0,200
2025-08-08,198.0,198.0,162.0,162.0,700
2025-08-11,190.0,190.0,170.0,170.0,200
2025-08-12,185.0,185.0,165.0,167.0,500
2025-08-13,176.0,176.0,176.0,176.0,100
2025-08-15,165.9,169.9,163.0,163.0,1800
2025-08-18,167.9,167.9,167.9,167.9,100
2025-08-19,176.9,176.9,167.1,167.3,500
2025-08-20,169.0,169.0,164.9,164.9,500
2025-08-21,155.1,165.0,155.1,165.0,400
2025-08-22,155.2,155.2,155.2,155.2,400
2025-08-25,141.0,141.0,141.0,141.0,100
2025-08-26,144.1,159.0,144.1,146.2,1300
2025-08-27,145.0,159.0,145.0,150.0,1500
2025-08-28,150.1,164.9,150.1,164.9,2000
2025-08-29,151.0,160.0,151.0,151.1,1200
2025-09-03,142.0,162.0,142.0,144.0,2000
2025-09-04,150.0,164.9,150.0,164.9,200
2025-09-05,180.0,180.0,165.0,165.0,200
2025-09-08,172.5,172.5,172.5,172.5,100
2025-09-09,174.5,174.5,174.5,174.5,100
2025-09-10,174.9,174.9,174.9,174.9,100
2025-09-11,172.0,172.0,172.0,172.0,100
2025-09-12,151.0,169.9,151.0,169.9,200
2025-09-15,174.5,174.5,174.5,174.5,100
2025-09-16,151.1,166.0,151.1,166.0,2100
2025-09-17,171.0,171.0,171.0,171.0,100
2025-09-18,174.0,174.0,174.0,174.0,100
2025-09-19,163.0,163.0,160.0,160.0,400
2025-09-22,161.0,161.0,161.0,161.0,100
2025-09-23,150.3,169.9,150.3,169.9,900
2025-09-24,174.8,174.8,160.0,160.0,200
2025-09-25,174.8,174.8,174.8,174.8,100
2025-09-29,174.9,174.9,174.9,174.9,100
2025-09-30,167.9,167.9,167.9,167.9,100
2025-10-01,174.0,174.0,174.0,174.0,100
2025-10-06,160.1,160.1,151.1,160.0,3300
2025-10-07,169.5,169.5,151.0,159.7,3400
2025-10-08,153.2,153.2,153.2,153.2,100
2025-10-09,155.0,155.0,154.0,154.0,400
2025-10-10,156.0,164.8,153.1,153.1,600
2025-10-13,169.0,169.0,169.0,169.0,100
2025-10-15,160.0,160.0,160.0,160.0,400
2025-10-16,169.0,169.0,160.0,160.0,200
2025-10-17,155.0,155.0,155.0,155.0,100
2025-10-20,161.0,161.0,161.0,161.0,100
2025-10-21,160.6,160.8,141.1,141.1,500
2025-10-22,156.8,156.8,156.0,156.0,500
2025-10-28,159.6,159.6,159.6,159.6,100
2025-10-29,159.0,159.6,159.0,159.6,200
2025-11-03,151.0,151.0,151.0,151.0,100
2025-11-05,151.0,159.7,151.0,159.7,400
2025-11-07,159.9,159.9,159.9,159.9,200
2025-11-12,159.6,159.7,150.0,150.0,800
2025-11-13,159.0,159.5,159.0,159.5,1300
2025-11-14,160.0,160.2,151.0,151.0,1000
2025-11-17,160.0,160.0,151.1,151.1,200
2025-11-18,159.8,160.0,151.1,160.0,1500
2025-11-19,152.5,161.5,152.5,161.4,1300
2025-11-20,152.1,161.6,152.1,161.6,2600
2025-11-21,154.0,161.9,154.0,161.8,1000
2025-11-24,154.0,154.0,154.0,154.0,100
2025-11-25,142.0,142.0,142.0,142.0,100
2025-11-26,161.8,161.8,161.8,161.8,600
2025-12-01,155.0,155.0,155.0,155.0,100
2025-12-03,161.6,161.7,161.6,161.7,1000
2025-12-04,161.8,161.8,153.3,153.3,5300
2025-12-08,155.5,155.5,155.5,155.5,100
2025-12-10,160.0,164.0,160.0,164.0,900
2025-12-11,156.0,156.0,156.0,156.0,100
2025-12-15,133.0,133.0,133.0,133.0,100
2025-12-22,152.9,152.9,152.9,152.9,100
2025-12-23,165.9,169.0,160.1,169.0,11300
2025-12-26,168.0,168.0,168.0,168.0,100
2025-12-31,145.0,166.0,145.0,166.0,300
2026-01-05,167.0,167.0,167.0,167.0,100
2026-01-06,168.9,169.0,168.9,169.0,400
2026-01-07,151.0,151.0,151.0,151.0,100
2026-01-15,169.9,169.9,169.9,169.9,100
2026-01-19,170.0,175.0,170.0,175.0,400
2026-01-22,150.1,150.1,150.1,150.1,100
2026-01-23,169.0,172.6,169.0,172.6,14900
2026-01-27,180.0,180.0,180.0,180.0,100
2026-01-28,179.0,179.0,179.0,179.0,800
2026-01-29,183.0,183.0,183.0,183.0,100
2026-02-05,182.9,182.9,182.9,182.9,100
2026-02-06,182.9,182.9,182.9,182.9,2100
2026-02-11,182.9,182.9,182.9,182.9,1600
2026-02-12,182.9,182.9,182.9,182.9,500
2026-02-13,182.9,182.9,182.9,182.9,800
2026-02-23,183.0,183.0,183.0,183.0,300
2026-02-24,184.1,186.8,184.1,186.8,300
2026-02-26,199.9,199.9,199.9,199.9,100
2026-03-03,200.0,200.0,200.0,200.0,300
2026-03-04,200.0,200.0,200.0,200.0,100
2026-03-05,200.1,200.1,200.1,200.1,100
2026-03-09,200.1,200.1,200.1,200.1,100
2026-03-10,200.1,200.1,200.1,200.1,0.0
2026-03-11,200.1,200.1,200.1,200.1,0.0
2026-03-12,200.1,200.1,200.1,200.1,0.0
2026-03-13,200.1,200.1,200.1,200.1,0.0
2026-03-16,200.1,200.1,200.1,200.1,0.0
2026-03-17,200.1,200.1,200.1,200.1,0.0
2026-03-18,200.1,200.1,200.1,200.1,0.0
2026-03-19,200.1,200.1,200.1,200.1,0.0
2026-03-20,200.1,200.1,200.1,200.1,0.0
2026-03-23,200.1,202.0,200.1,202.0,200.0
2026-03-24,200.0,202.0,200.0,202.0,400.0
2026-03-25,205.5,205.5,205.5,205.5,100.0
2026-03-26,205.5,205.5,205.5,205.5,0.0
2026-03-27,205.5,205.5,205.5,205.5,0.0
2026-03-30,205.5,205.5,205.5,205.5,0.0
2026-03-31,204.0,205.5,204.0,205.5,500.0
2026-04-01,235.8,235.8,204.0,204.0,200.0
2026-04-02,252.8,252.8,250.0,252.8,1700.0
2026-04-03,260.0,260.0,250.2,250.2,1100.0
2026-04-06,259.9,266.0,259.9,266.0,1900.0
2026-04-07,266.0,276.0,266.0,276.0,1600.0
2026-04-08,276.0,276.0,276.0,276.0,100.0
2026-04-09,235.0,276.0,235.0,276.0,4800.0
2026-04-10,251.0,260.1,251.0,260.0,700.0
2026-04-13,267.5,270.0,260.0,270.0,1300.0
2026-04-14,270.7,270.9,270.7,270.9,200.0
2026-04-15,261.0,261.0,261.0,261.0,100.0
2026-04-16,256.0,256.0,256.0,256.0,100.0
2026-04-17,280.0,294.4,262.0,262.0,400.0
2026-04-20,280.0,280.0,280.0,280.0,10600.0
2026-04-21,261.0,285.0,261.0,285.0,500.0
2026-04-22,280.0,285.0,266.0,285.0,16700.0
2026-04-23,261.0,261.0,261.0,261.0,100.0
2026-04-24,261.0,261.0,261.0,261.0,0.0
2026-04-28,250.0,261.0,250.0,261.0,200.0
2026-04-29,252.0,285.0,252.0,285.0,1100.0
